CameraID/C:CameraPosition[3]/D:CameraOrientation[3][3]/D
755	-969.3403122454935	563.4838939542399	306.19351432446666	0.4518426564272772	0.0034533257301648324 -0.892090964181425 0.8920290285172254 -0.014151803352549357 0.45175650382090493 -0.011064633539267791 -0.9998938948724873 -0.009474855216284718
756	-887.8122049270628	698.246910321776	294.120421834215	0.5619524248743488	-0.002250254961860085 -0.8271664938393275		    0.8271686357275542	  0.0030193483294807958			    0.5619456660605926	0.0012329827480277206 -0.9999929099190012 0.003558070442132991
757	-795.4044815807138	789.5591035936313	293.51464187353645	0.6810700350544698	-0.012442854852200425 -0.7321125478463206		    0.7321818307922088	  0.0015969786223262042			    0.6811073456636997	-0.0073057517528136735			  -0.9999213094150995 0.010198086532254803
758	-696.5723290708451	861.2869954195502	307.80971293411176	0.7546608821298985	0.006342484692519497  -0.656084389290623		    0.6561024186982852	  -0.013498648296286575			    0.7545511266126602	-0.004070523453453961			  -0.9998887735053829 -0.014348221378155713
759	-709.1208413139422	851.5284250925698	300.5484546506227	0.6748179739645999	-0.000957939727796125 -0.7379835935613961		    0.737959124003886	  -0.007370187707108878			    0.6748051656830888	-0.006085500286044209			  -0.9999723809609146 -0.004266614773877004
760	-633.0106179265509	893.8269413906531	285.45321039220977	0.8469276895805137	-0.017532333688494123 -0.5314189551542637		    0.5316695966414124	  0.015898712844103213			    0.8468026162790595	-0.006397548668983399			  -0.9997198848704253 0.022786468916704692
761	-606.5258920059853	887.4685765180749	301.4331529817375	0.7506961482819781	0.023780850504541602  -0.6602194817663928		    0.6597958470870922	  0.0237435661715801			    0.7510696926597983	0.03353704103272126			  -0.9994351976064967 0.0021336972683879216
762	-530.6343926074221	949.7121380533225	299.61689978617085	0.8800328229037192	0.0029119174416605107 -0.47490393907497175		    0.4749053836498658	  0.00021759604064898873		    0.8800368340202233	0.0026659318231185185			  -0.9999957366853001 -0.001191393611883511
763	-403.7511054504545	1009.4141264679945	311.18913665255377	0.9145322683444281	-0.0007883196171658152					    -0.4045121861068921	  0.4043990003011711			    -0.0219528585839339	0.914319156834969			  -0.009600974544766046 -0.9997586961623165 -0.01975780189230984
764	-318.70558810866777	1099.0366232992396	296.86624784339455	0.9687161744406809	-0.002276674929173297					    -0.24816081505402898  0.24816993686409888			    0.005623740673038364					  0.968700188901454	-0.000809823364883726 -0.9999815949766822 0.0060128108242652025
765	-139.0783211792416	1123.4000192947685	302.30011300175545	0.9816234474577075	0.009406222467875223					    -0.1905962496486501	  0.1906257412001989			    -0.0023369491698424245					  0.9816600050223364	0.008788298647664113  -0.9999530297206276 -0.004087072230466816
766	-16.357870102111967	1126.2891436385648	280.12607111234473	0.9979198549016041	-0.00553253866719441					    -0.06422892034791193  0.06439795469844115			    0.03953100167101552						  0.9971410147705012	-0.0029776876632624416			  -0.9992030278791105 0.0398050556261122
767	134.04811299817084	1113.509249293147	293.3137077399863	0.9984366576474543	-0.00048200023901349574					    0.0558928290709163	  -0.05588560499272559			    0.009634353596530967					  0.9983906942602055	-0.0010197158320419386			  -0.9999534723708632 0.0095923549285502
768	248.18796766647475	1091.9089632201499	281.91387093832736	0.9690455209843033	-0.00883822914260246					    0.24672386176834152	  -0.24626141164083795			    0.036216694295243185					  0.9685265449077728	-0.0174955822115938			  -0.9993048767818297 0.03291911060660068
769	411.5200155188479	1033.3072483654105	384.9050967834302	0.9457650579485768	-0.0663672436987166					    0.3179997549171414	  -0.3240727563333316			    -0.12501875251932937					  0.9377351225804809	-0.02247896274395108			  -0.9899321696370647 -0.13974618331679114
770	536.6136852073989	971.5581595253955	292.69727937797114	0.8983971933915499	0.002208060591555651					    0.4391783320868769	  -0.4391753351703675			    0.01075561795923141						  0.8983369866928064	-0.002740051857645668			  -0.9999397187584554 0.010632542738138179
771	654.83818016666		894.1554442658687	343.49084877074506	0.8095679538583672	-0.04327370218223956					    0.5854290006354483	  -0.5870260688323258			    -0.060273602063512004					  0.8073211798321384	0.0003501383192702671			  -0.9972434404866909 -0.07419836797009176
772	609.5807594653209	915.3236490260199	291.84343468747784	0.8605786883881009	0.0013480995936692383					    0.509315721060819	  -0.5092931413417825			    0.012058817343045551					  0.8605086176828839	-0.00498169393236679			  -0.9999263810660127 0.011064139089491186
773	707.7085052591533	843.4329255184741	291.85815609710045	0.7542530417955452	0.010145829630720683					    0.6565054539630819	  -0.6565678718687288			    0.004679747197230451					  0.7542524309512961	0.004580237104838376			  -0.9999375791054532 0.010191139327330182
774	802.6982054269449	740.1989557976807	282.84872534467246	0.7075076382950602	0.01657619319499111					    0.7065112678318085	  -0.7066600076001532			    0.02796170622178164						  0.7070005492527707	-0.008035882820112701			  -0.9994715467707569 0.03149685354082706
775	909.6027006576777	594.4601791423802	301.86141715748084	0.6589268463308077	-0.0037416590851348493					    0.7521977207967515	  -0.7521919290059444			    -0.009613310672046906					  0.6588739531930524	0.004765828663901309			  -0.9999467907069924 -0.009148914248860367
776	1007.4936916402353	452.1840456313297	297.9798506947941	0.573835912172213	0.004551914552394183					    0.818957646020472	  -0.8189494278508163			    0.010327977032966623					  0.5737727490158699	-0.005846411233059278			  -0.999936304453596  0.009654351939915092
777	1065.1308773267756	342.0160921145433	284.3456810968621	0.4663507796124472	0.02572623620904258					    0.8842257127709985	  -0.8845442859779526			    0.024768244194532187					  0.46579817541857693	-0.00991748449043691			  -0.9993621439948768 0.034306685228179264
778	1144.6449571266485	265.5075106524747	296.3417232521744	0.30495863953110286	0.008164289830613807					    0.9523306004465577	  -0.9523438769103184			    0.009367511747125546					  0.3048825836860688	-0.006431818309311042			  -0.9999227940672365 0.010631915067701088
779	1180.8743110952719	109.8581456438599	294.0104601062561	0.22451336938028832	0.015475651362431692					    0.9743481160162518	  -0.9744524673936235			    0.009733454379955543					  0.2243828172038001	-0.006011302686673532			  -0.9998328680738308 0.01726557729319826
780	1153.9462217966036	-205.72357468887265	304.73859889977325	-0.14063609152923104	-0.00767388893867493					    0.9900316162567433	  -0.9899696187029691			    0.014702372145800679					  -0.14051332427348556	-0.013477529613436458			  -0.9998624663831739 -0.009664601061382411
781	1106.524728874984	-391.4374592024151	305.2517848730889	-0.21665207595049824	-0.006637314230544066					    0.9762263180462537	  -0.9761634474391856			    0.014701930699716178					  -0.21653816549824798	-0.012915179827837528			  -0.9998698911826008 -0.009664307347598705
782	1053.6277387313276	-545.95747779009	294.0493300870857	-0.27360104072240404	0.015552291515827094					    0.9617175244032026	  -0.9617322642569852			    0.010766684933192529					  -0.2737793461579647	-0.014612405782440505			  -0.9998210863570322 0.012011364331049284
783	981.043367692811	-685.8352049567038	296.8254474729234	-0.3625918109457152	0.0139984329572173					    0.9318429172933868	  -0.931912472003679			    0.00329145068890052						  -0.3626683207510074	-0.008143903185812009			  -0.9998965997677484 0.011851861195411139
784	772.4021121991283	-882.5447593944743	306.738564967898	-0.7111394050218074	-0.017400813149214					    0.7028356552758098	  -0.7030089206724974			    0.006658977726454719					  -0.71114985444035	0.007694418764367709			  -0.9998264197936488 -0.016968388329296487
785	631.4161296151484	-971.0297680996991	287.61729250173454	-0.7875174168643543	0.02391797933740036					    0.6158280997159119	  -0.6162141805477881			    -0.014639785506262666					  -0.7874425441720497	-0.009818443212326576			  -0.9996067261402092 0.026267684103095858
786	482.7753517818005	-1068.0733998522	280.4217128314567	-0.8348287902928402	0.018705775784357625					    0.5501917709767199	  -0.550501001197215			    -0.03397315466899985					  -0.8341429568381558	0.0030884590102873946			  -0.9992476763616424 0.038659315912211965
787	376.49945871603677	-1129.838694077016	286.4912524841439	-0.9240308055252588	0.018310612178051782					    0.3818792897264879	  -0.3822404308327389			    -0.024123375055951978					  -0.9237479720208935	-0.007702173533763712			  -0.9995412869199427 0.029289797972689224
788	208.23125582262625	-1186.3356149469346	297.54333800194297	-0.9232150159784951	0.015634245851184583					    0.38396562948849056	  -0.38399470861447854			    0.0012170756731631413					  -0.9233344911151589	-0.014902953663953885			  -0.9998770369817838 0.004879845142986836
789	-40.226045710876996	-1240.737357887552	365.52764825100763	-0.9750867625639413	0.03704774224999451					    -0.21870818518462115  0.22165443767849907			    0.12420658018097987						  -0.9671825244994741	-0.008666933136985272			  -0.9915645164253934 -0.12932398863349043
790	-231.76891668068137	-1185.9822027726366	299.53598542595313	-0.9767849516782237	0.00836906951549262					    -0.21405867618579663  0.21400530085553587			    -0.0068342696196804845					  -0.9768085912626372	-0.009637913711093014			  -0.9999416240132272 0.004884586480671411
791	-398.7642822981053	-1138.2882993712437	312.06102708777047	-0.9590735114597211	0.01293675658789423					    -0.2828615207929612	  0.28308593371470053			    0.021395716435851374					  -0.9588558689662773	-0.00635246009019071			  -0.9996873829588843 -0.024182278710251963
792	-527.3188357332727	-1088.227202096029	281.2658632367464	-0.9197616887486086	-0.012507457686895585					    -0.3922779619256206	  0.3924647550827266			    -0.037303294206963905					  -0.9190102721184157	-0.003138778132275958			  -0.9992257141124414 0.03921887719347762
793	-619.6236279683609	-1027.3924743459231	281.2901388937612	-0.7887616182388864	-0.014320431171682406					    -0.6145323708676632	  0.6145926668130097			    -0.036984383593982546					  -0.7879771629113671	-0.011443928208759278			  -0.999213230807734  0.03797309423687361
794	-757.309038551425	-904.4237498839159	301.9825705335419	-0.778175337409077	0.004501713779161175					    -0.6280309537127294	  0.6280331791096211			    -0.0010772802025730659					  -0.7781858167589725	-0.0041797351270895094			  -0.9999892869628234 -0.001988912731046735
795	-882.4699352239282	-785.9830908410443	333.8035890399039	-0.7031608442660934	0.05314821356150012					    -0.7090416733071594	  0.7108416856690706			    0.029546884670730234					  -0.7027311573577838	-0.01639893307962334			  -0.9981494121630669 -0.05855617808885995
796	-967.5155408734552	-681.6756153848808	285.98331519987755	-0.5941437101577518	-0.03282480824145449					    -0.8036888599724983	  0.8042142002470888			    -0.005289918731268582					  -0.5943160244186194	0.015256860781884417			  -0.99944712152456   0.029541148849594235
797	-1017.806665047084	-588.5199348684815	300.5298182942057	-0.4347753009101841	0.0076365613940701975					    -0.9005065911188738	  0.9004212254301639			    -0.012483428550468285					  -0.4348399484942354	-0.014562091652728931			  -0.9998929177375449 -0.001448635564100311
798	-1124.9564527797709	-393.57215766379034	453.4092116283816	-0.4176619967280811	0.24743184485593342					    -0.87426308319653	  0.908568146687628			    0.10536996697790972						  -0.4042290104429481	-0.007898057591763319			  -0.9631586848542997 -0.2688177235154211
799	-1056.071608743453	-364.0892081604055	308.3875700052921	-0.33527306931909556	0.01113458251991609					    -0.9420551948062605	  0.9421078274083409			    -0.0013242408677469875					  -0.3353074528280902	-0.004981016491693166			  -0.9999371317529078 -0.010045995046689347
800	-1066.299209333143	-279.47775322251334	264.3646908711972	-0.355103391365416	-0.057941308427737155					    -0.9330296813169786	  0.9348255288209193			    -0.020219155167760686					  -0.3545312629783047	0.001676933352826819			  -0.9981152190714178 0.06134490486215072
801	-1082.2241983259164	-363.7075396929562	293.35890846316397	-0.3346975969402104	-0.004122079957361214					    -0.9423165747556785	  0.9422615193680072			    -0.013124951946589587					  -0.33462062810695886	-0.010988526777703823			  -0.9999053675689639 0.008276967200058905
901	-1131.1412798005235	-171.92522708213187	296.14052512854533	-0.18912023073354234	-0.0016918772682171983					    -0.9819524814768795	  0.98194248772897			    -0.005155259060338741					  -0.18910942360618416	-0.004742269491950392			  -0.9999852803193303 0.002636289956667166
902	-1177.7413218717224	-65.64842715742358	284.152155073225	-0.005186423946773003	-0.0383180766184402					    -0.9992521333531935	  0.9999677576384084			    -0.006324948007393468					  -0.004947597024658326	-0.006130635387867852			  -0.9992455754402755 0.038349645014966
903	-1159.0079325549034	108.48115921626643	297.24213981352506	0.0879799128596323	-0.007443557147023981					    -0.9960944374858293	  0.9961129083062759			    -0.0036730416681760338					  0.08800899198671502	-0.004313796335628682			  -0.9999655505175679 0.007091469471969928
904	-1051.0519440751386	391.49243798853183	292.6834099522292	0.45250450633869743	-0.019992915354836008					    -0.8915379717537483	  0.8916630038486215			    -0.00476120858440772					  0.45267473804098063	-0.01329508596536543			  -0.9997887848082867 0.01567247462092138
